01 01
02 02
03 03
04 04
05 05
06 06
07 07
08 08
09 09
10 10
11 01
12 02
13 03
14 04
15 05
16 06
17 07
18 08
19 09
20 10
21 01
22 02
23 03
24 04
25 05
26 06
27 07
28 08
29 09
30 10
31 01
32 02
33 03
34 04
35 05
36 06
37 07
38 08
39 09
40 10
41 01
42 02
43 03
44 04
45 05
46 06
47 07
48 08
49 09
50 10
51 01
52 02
53 03
54 04
55 05
56 06
57 07
58 08
59 09
60 10
61 01
62 02
63 03
64 04
65 05
66 06
67 07
68 08
69 09
70 10
71 01
72 02
73 03
74 04
75 05
76 06
77 07
78 08
79 09
80 10
81 01
82 02
83 03
84 04
85 05
86 06
87 07
88 08
89 09
90 10
91 01
92 02
93 03
94 04
95 05
96 06
97 07
98 08
99 09
100 10
101 01
102 02
103 03
104 04
105 05
106 06
107 07
108 08
109 09
110 10
111 01
112 02
113 03
114 04
115 05
116 06
117 07
118 08
119 09
120 10
121 01
122 02
123 03
124 04
125 05
126 06
127 07
128 08
129 09
130 10
131 01
132 02
133 03
134 04
135 05
136 06
137 07
138 08
139 09
140 10
141 01
142 02
143 03
144 04
145 05
146 06
147 07
148 08
149 09
150 10
151 01
152 02
153 03
154 04
155 05
156 06
157 07
158 08
159 09
160 10
161 01
162 02
163 03
164 04
165 05
166 06
167 07
168 08
169 09
170 10
171 01
172 02
173 03
174 04
175 05
176 06
177 07
178 08
179 09
180 10
181 01
182 02
183 03
184 04
185 05
186 06
187 07
188 08
189 09
190 10
191 01
192 02
193 03
194 04
195 05
196 06
197 07
198 08
199 09
200 10
201 01
202 02
203 03
204 04
205 05
206 06
207 07
208 08
209 09
210 10
211 01
212 02
213 03
214 04
215 05
216 06
217 07
218 08
219 09
220 10
221 01
222 02
223 03
224 04
225 05
226 06
227 07
228 08
229 09
230 10
231 01
232 02
233 03
234 04
235 05
236 06
237 07
238 08
239 09
240 10
241 01
242 02
243 03
244 04
245 05
246 06
247 07
248 08
249 09
250 10
251 01
252 02
253 03
254 04
255 05
256 06
257 07
258 08
259 09
260 10
261 01
262 02
263 03
264 04
265 05
266 06
267 07
268 08
269 09
270 10
271 01
272 02
273 03
274 04
275 05
276 06
277 07
278 08
279 09
280 10
281 01
282 02
283 03
284 04
285 05
286 06
287 07
288 08
289 09
290 10
291 01
292 02
293 03
294 04
295 05
296 06
297 07
298 08
299 09
300 10
301 01
302 02
303 03
304 04
305 05
306 06
307 07
308 08
309 09
310 10
311 01
312 02
313 03
314 04
315 05
316 06
317 07
318 08
319 09
320 10
321 01
322 02
323 03
324 04
325 05
326 06
327 07
328 08
329 09
330 10
331 01
332 02
333 03
334 04
335 05
336 06
337 07
338 08
339 09
340 10
341 01
342 02
343 03
344 04
345 05
346 06
347 07
348 08
349 09
350 10
351 01
352 02
353 03
354 04
355 05
356 06
357 07
358 08
359 09
360 10
361 01
362 02
363 03
364 04
365 05
366 06
367 07
368 08
369 09
370 10
371 01
372 02
373 03
374 04
375 05
376 06
377 07
378 08
379 09
380 10
381 01
382 02
383 03
384 04
385 05
386 06
387 07
388 08
389 09
390 10
391 01
392 02
393 03
394 04
395 05
396 06
397 07
398 08
399 09
400 10
401 01
402 02
403 03
404 04
405 05
406 06
407 07
408 08
409 09
410 10
411 01
412 02
413 03
414 04
415 05
416 06
417 07
418 08
419 09
420 10
421 01
422 02
423 03
424 04
425 05
426 06
427 07
428 08
429 09
430 10
431 01
432 02
433 03
434 04
435 05
436 06
437 07
438 08
439 09
440 10
441 01
442 02
443 03
444 04
445 05
446 06
447 07
448 08
449 09
450 10
451 01
452 02
453 03
454 04
455 05
456 06
457 07
458 08
459 09
460 10
461 01
462 02
463 03
464 04
465 05
466 06
467 07
468 08
469 09
470 10
471 01
472 02
473 03
474 04
475 05
476 06
477 07
478 08
479 09
480 10
481 01
482 02
483 03
484 04
485 05
486 06
487 07
488 08
489 09
490 10
491 01
492 02
493 03
494 04
495 05
496 06
497 07
498 08
499 09
500 10
501 01
502 02
503 03
504 04
505 05
506 06
507 07
508 08
509 09
510 10
511 01
512 02
513 03
514 04
515 05
516 06
517 07
518 08
519 09
520 10
521 01
522 02
523 03
524 04
525 05
526 06
527 07
528 08
529 09
530 10
531 01
532 02
533 03
534 04
535 05
536 06
537 07
538 08
539 09
540 10
541 01
542 02
543 03
544 04
545 05
546 06
547 07
548 08
549 09
550 10
551 01
552 02
553 03
554 04
555 05
556 06
557 07
558 08
559 09
560 10
561 01
562 02
563 03
564 04
565 05
566 06
567 07
568 08
569 09
570 10
571 01
572 02
573 03
574 04
575 05
576 06
577 07
578 08
579 09
580 10
581 01
582 02
583 03
584 04
585 05
586 06
587 07
588 08
589 09
590 10
591 01
592 02
593 03
594 04
595 05
596 06
597 07
598 08
599 09
600 10
601 01
602 02
603 03
604 04
605 05
606 06
607 07
608 08
609 09
610 10
611 01
612 02
613 03
614 04
615 05
616 06
617 07
618 08
619 09
620 10
621 01
622 02
623 03
624 04
625 05
626 06
627 07
628 08
629 09
630 10
631 01
632 02
633 03
634 04
635 05
636 06
637 07
638 08
639 09
640 10
641 01
642 02
643 03
644 04
645 05
646 06
647 07
648 08
649 09
650 10
651 01
652 02
653 03
654 04
655 05
656 06
657 07
658 08
659 09
660 10
661 01
662 02
663 03
664 04
665 05
666 06
667 07
668 08
669 09
670 10
671 01
672 02
673 03
674 04
675 05
676 06
677 07
678 08
679 09
680 10
681 01
682 02
683 03
684 04
685 05
686 06
687 07
688 08
689 09
690 10
691 01
692 02
693 03
694 04
695 05
696 06
697 07
698 08
699 09
700 10
701 01
702 02
703 03
704 04
705 05
706 06
707 07
708 08
709 09
710 10
711 01
712 02
713 03
714 04
715 05
716 06
717 07
718 08
719 09
720 10
721 01
722 02
723 03
724 04
725 05
726 06
727 07
728 08
729 09
730 10
731 01
732 02
733 03
734 04
735 05
736 06
737 07
738 08
739 09
740 10
741 01
742 02
743 03
744 04
745 05
746 06
747 07
748 08
749 09
750 10
751 01
752 02
753 03
754 04
755 05
756 06
757 07
758 08
759 09
760 10
761 01
762 02
763 03
764 04
765 05
766 06
767 07
768 08
769 09
770 10
771 01
772 02
773 03
774 04
775 05
776 06
777 07
778 08
779 09
780 10
781 01
782 02
783 03
784 04
785 05
786 06
787 07
788 08
789 09
790 10
791 01
792 02
793 03
794 04
795 05
796 06
797 07
798 08
799 09
800 10
801 01
802 02
803 03
804 04
805 05
806 06
807 07
808 08
809 09
810 10
811 01
812 02
813 03
814 04
815 05
816 06
817 07
818 08
819 09
820 10
821 01
822 02
823 03
824 04
825 05
826 06
827 07
828 08
829 09
830 10
831 01
832 02
833 03
834 04
835 05
836 06
837 07
838 08
839 09
840 10
841 01
842 02
843 03
844 04
845 05
846 06
847 07
848 08
849 09
850 10
851 01
852 02
853 03
854 04
855 05
856 06
857 07
858 08
859 09
860 10
861 01
862 02
863 03
864 04
865 05
866 06
867 07
868 08
869 09
870 10
871 01
872 02
873 03
874 04
875 05
876 06
877 07
878 08
879 09
880 10
881 01
882 02
883 03
884 04
885 05
886 06
887 07
888 08
889 09
890 10
891 01
892 02
893 03
894 04
895 05
896 06
897 07
898 08
899 09
900 10
901 01
902 02
903 03
904 04
905 05
906 06
907 07
908 08
909 09
910 10
911 01
912 02
913 03
914 04
915 05
916 06
917 07
918 08
919 09
920 10
921 01
922 02
923 03
924 04
925 05
926 06
927 07
928 08
929 09
930 10
931 01
932 02
933 03
934 04
935 05
936 06
937 07
938 08
939 09
940 10
941 01
942 02
943 03
944 04
945 05
946 06
947 07
948 08
949 09
950 10
951 01
952 02
953 03
954 04
955 05
956 06
957 07
958 08
959 09
960 10
961 01
962 02
963 03
964 04
965 05
966 06
967 07
968 08
969 09
970 10
971 01
972 02
973 03
974 04
975 05
976 06
977 07
978 08
979 09
980 10
981 01
982 02
983 03
984 04
985 05
986 06
987 07
988 08
989 09
990 10
991 01
992 02
993 03
994 04
995 05
996 06
997 07
998 08
999 09
1000 10
